0.027
0.021
0.026
0.016
0.015
0.016
0.017
0.022
0.026
0.023
0.025
0.023
0.022
0.019
0.026
0.022
0.02
0.022
0.021
0.018
0.017
0.016
0.017
0.015
0.018
0.016
0.016
0.015
0.016
0.014
0.021
0.019
0.022
0.021
0.027
0.024
0.023
0.023
0.022
0.026
0.022
0.019
0.017
0.017
0.024
0.021
0.025
0.026
0.023
0.024
0.02
0.027
0.022
0.021
0.017
0.022
0.019
0.019
0.018
0.016
0.018
0.016
0.024
0.025
0.019
0.021
0.02
0.021
0.02
0.02
0.03
0.026
0.024
0.025
0.022
0.021
0.023
0.022
0.022
0.023
0.023
0.023
0.023
0.023
0.023
0.022
0.022
0.02
0.02
0.023
0.021
0.022
0.019
0.017
0.015
0.013
0.012
0.012
0.013
0.012
0.013
0.012
0.012
0.014
0.013
0.014
0.013
0.012
0.012
0.013
0.013
0.012
0.012
0.012
0.012
0.013
0.017
0.023
0.021
0.019
0.026
0.027
0.021
0.022
0.02
0.02
0.024
0.023
0.017
0.018
0.026
0.023
0.018
