0.021
0.015
0.018
0.013
0.014
0.012
0.012
0.012
0.013
0.011
0.012
0.013
0.012
0.02
0.024
0.022
0.019
0.018
0.021
0.022
0.022
0.02
0.024
0.022
0.02
0.021
0.021
0.029
0.028
0.023
0.031
0.033
0.029
0.025
0.025
0.022
0.027
0.02
0.021
0.029
0.024
0.043
0.022
0.021
0.02
0.027
0.023
0.022
0.02
0.017
0.025
0.02
0.019
0.017
0.019
0.018
0.03
0.024
0.022
0.019
0.019
0.02
0.019
0.018
0.018
0.021
0.02
0.026
0.024
0.02
0.02
0.02
0.019
0.017
0.016
0.015
0.015
0.022
0.018
0.027
0.021
0.018
0.019
0.026
0.024
0.02
0.018
0.026
0.026
0.036
0.036
0.029
0.022
0.02
0.023
0.018
0.018
0.016
0.016
0.017
0.015
0.015
0.015
0.015
0.025
0.022
0.027
0.028
0.027
0.022
0.019
0.02
0.025
0.026
0.027
0.024
0.02
0.019
0.018
0.019
0.028
0.026
0.024
0.022
0.021
0.023
0.02
0.023
0.02
0.024
0.026
0.02
0.018
0.021
0.02
0.026
0.024
0.018
0.021
0.025
0.025
0.025
0.021
0.018
0.022
0.017
0.018
0.017
0.016
0.014
0.013
0.011
0.012
0.011
0.011
0.013
0.013
0.012
0.012
0.014
0.013
0.013
0.015
0.022
0.018
0.024
0.02
0.018
0.018
0.024
0.019
0.024
0.022
0.019
0.025
0.022
0.02
0.022
0.02
0.022
0.021
0.02
0.021
0.019
0.019
0.021
0.021
0.028
0.029
0.023
0.024
0.021
0.021
0.02
0.022
0.02
0.019
0.02
0.021
0.022
0.021
0.018
0.021
0.019
0.017
0.016
0.018
0.017
0.018
0.022
0.02
0.024
0.021
0.018
0.015
0.017
0.023
0.02
0.018
0.022
0.023
0.02
0.017
0.025
0.023
0.019
0.018
0.025
0.022
0.02
0.02
0.018
0.016
0.018
0.024
0.026
0.019
0.019
0.02
0.019
0.019
0.018
0.018
0.019
0.017
0.015
0.021
0.021
0.018
0.017
0.015
0.021
0.022
0.02
0.024
0.022
0.02
0.021
0.022
0.023
0.025
0.02
0.019
0.021
0.022
0.022
0.02
0.023
0.023
0.022
0.021
0.019
0.022
0.023
0.022
0.018
0.021
0.02
0.018
0.02
0.016
0.015
0.015
0.016
0.031
0.024
0.021
0.023
0.023
0.021
0.029
0.024
0.022
0.02
0.018
0.027
0.024
0.024
0.025
0.021
0.019
0.026
0.022
0.022
0.025
0.024
0.02
0.019
0.02
0.018
0.017
0.019
0.025
0.024
0.023
0.02
0.02
0.021
0.023
0.021
0.021
0.021
0.02
0.022
0.022
0.022
0.021
0.019
0.018
0.018
0.02
0.023
0.02
0.018
0.018
0.017
0.016
0.021
0.025
0.021
0.019
0.017
0.018
0.016
0.015
0.024
0.021
0.022
0.025
0.021
0.019
0.016
0.016
0.018
0.018
0.025
0.021
0.017
0.021
0.02
0.014
0.012
0.013
0.023
0.02
0.017
0.016
0.015
0.022
0.02
0.025
0.028
0.018
0.016
0.014
0.02
0.023
0.024
0.023
0.02
0.021
0.021
0.022
0.022
0.018
0.018
0.017
0.024
0.02
0.018
0.016
0.015
0.02
0.019
0.017
0.029
0.021
0.025
0.022
0.024
0.017
0.017
0.018
0.017
0.015
0.013
0.011
0.011
0.011
0.021
0.023
0.024
0.021
0.027
0.024
0.023
0.023
0.02
0.018
0.016
0.018
0.025
0.021
0.018
0.017
0.017
0.016
0.015
0.015
0.014
0.015
0.015
0.015
0.025
0.028
0.029
0.026
0.028
0.023
0.027
0.026
0.022
0.024
0.026
0.027
0.022
0.019
0.023
0.02
0.017
0.024
0.026
0.029
0.025
0.024
0.026
0.022
0.023
0.024
0.028
0.024
0.023
0.022
0.021
0.028
0.031
0.024
0.025
0.026
0.022
0.021
0.023
0.023
0.024
0.027
0.024
0.022
0.02
0.028
0.029
0.023
0.019
0.017
0.02
0.019
0.022
0.021
0.019
0.017
0.023
0.022
0.02
0.02
0.018
0.02
0.027
0.022
0.019
0.018
0.019
0.017
0.021
0.018
0.017
0.016
0.021
0.028
0.027
0.022
0.02
0.018
0.027
0.023
0.021
0.019
0.017
0.025
0.021
0.022
0.021
0.019
0.027
0.023
0.021
0.027
0.027
0.019
0.019
0.022
0.021
0.019
0.018
0.017
0.018
0.016
0.015
0.026
0.028
0.019
0.019
0.02
0.02
0.029
0.027
0.022
0.02
0.022
0.02
0.018
0.017
0.017
0.016
0.015
0.015
0.014
0.016
0.015
0.015
0.026
0.023
0.023
0.021
0.018
0.019
0.021
0.029
0.025
0.021
0.02
0.02
0.03
0.024
0.03
0.027
0.023
0.022
0.02
0.018
0.027
0.023
0.021
0.019
0.018
0.017
0.016
0.014
0.018
0.016
0.015
0.019
0.018
0.017
0.016
0.015
0.024
0.021
0.018
0.02
0.026
0.024
0.024
0.027
0.026
0.025
0.021
0.018
0.018
0.017
0.014
0.014
0.021
0.018
0.015
0.014
0.017
0.015
0.016
0.017
0.024
0.021
0.018
0.026
0.023
0.023
0.019
0.023
0.024
0.021
0.017
0.015
0.019
0.019
0.019
0.027
0.021
0.02
0.027
0.022
0.018
0.016
0.016
0.015
0.018
0.016
0.015
0.015
0.023
0.024
0.028
0.02
0.025
0.019
0.025
0.023
0.021
0.022
0.022
0.022
0.022
0.021
0.021
0.02
0.022
0.021
0.022
0.024
0.02
0.021
0.021
0.022
0.02
0.018
0.021
0.02
0.02
0.024
0.024
0.02
0.021
0.02
0.022
0.022
0.019
0.019
0.025
0.021
0.021
0.021
0.021
0.022
0.02
0.019
0.019
0.022
0.023
0.018
0.018
0.017
0.017
0.015
0.013
0.024
0.023
0.025
0.026
0.02
0.018
0.016
0.016
0.018
0.016
0.016
0.015
0.022
0.026
0.019
0.025
0.018
0.019
0.018
0.018
0.018
0.02
0.017
0.019
0.019
0.022
0.017
0.017
0.014
0.017
0.023
0.02
0.02
